958 3
1301
3736 11
4091
6824 20
7942
8243 21
8310
8611 22
8678
8979 23
9046
9347 24
9414
9715 25
9782
10083 26
10149
11675 31
11699
12297 33
14501
16028 38
16065
16996 41
17446
18344 44
18465
19067 46
19953
20559 48
20635
21241 50
22177
24932 59
24960
25263 60
25328
25631 61
25651
25954 62
25994
26297 63
26334
26637 64
26704
27007 65
27055
27358 66
27388
27691 67
27731
28034 68
28059
28362 69
28415
28718 70
28776
29079 71
29108
29411 72
29431
29734 73
29763
30066 74
30086
30389 75
30432
30735 76
30772
31075 77
31176
31479 78
31489
33028 83
33273
34815 88
35168
